6
l 6
660896 001367
213344 004398
377853 004770
878481 005175
457546 005175
915007 007345
136935 007345
683793 007345
992969 007345
326165 007449
848589 007818
101295 007818
331886 008373
327704 008430
128519 008430
665558 009610
825877 009874
181381 009874
520545 011056
138108 013131
026398 013619
408139 013619
320469 015391
281392 015914
406172 015914
444607 015914
203025 015951
075187 015951
182432 016247
217816 016985
971680 016985
493637 016985
470951 017296
911249 019681
355487 020457
702079 020533
041664 020533
442159 020722
380805 022167
335531 022167
507336 022167
070386 022997
818954 023195
416437 023195
245461 024566
719517 024566
040958 024743
755822 025121
446036 026203
233015 028192
082017 028192
698565 028192
355431 028192
966706 028192
135981 029166
668364 029166
673593 029166
091788 029166
411846 033977
960300 033977
673098 033977
717432 033977
931988 033977
777703 033977
939489 033977
600914 033977
819879 033977
556500 033977
006250 036172
803158 036180
028903 036180
803895 037082
924866 037082
657131 038015
375908 039533
094956 039715
303750 039715
620739 040050
360729 040146
448876 040146
419644 040146
240323 040146
192518 040146
977852 040510
104963 040510
953953 040510
936799 040510
671965 040871
333425 040927
785241 040945
866800 040945
212841 042482
928583 044145
866198 044145
647618 044903
614937 046997
152676 046997
783991 047052
082250 047052
524591 048141
990372 048141
414562 048141
365283 048338
054510 049370
827539 049894
010605 050007
650446 050007
456229 051099
650402 051612
901382 051975
256244 052002
657117 052002
571410 052002
073309 052002
014981 052002
660616 052177
834501 052177
809618 052303
193442 052303
005844 052303
472911 055457
043249 055457
427680 055457
034148 055457
346137 055689
417782 055689
132981 056918
601078 058454
475794 059536
685863 059536
166630 060936
541100 062800
960083 063246
494945 063298
152781 063310
851918 064135
739732 064135
885158 064135
698023 064135
738737 065984
615350 068429
984026 068925
402128 069040
168423 069040
373018 069556
203582 070892
810580 070892
133964 070982
006931 070982
360967 070982
418502 072254
902417 073435
740811 073435
997951 073729
889766 074159
141989 074159
005303 074393
524275 077564
435509 078572
478153 079092
159172 080220
158809 080220
026401 080727
700009 080727
388554 080907
820862 080907
814561 080907
430411 081351
108133 081351
659816 083892
156515 084098
685286 084718
528907 084718
973565 088471
372329 088817
663276 089216
721903 089216
722544 089216
045038 089216
161300 089216
543055 089216
651361 089216
636932 089216
230372 089216
085187 089216
717863 089216
417874 089331
614178 091660
693082 091660
890699 095427
733310 095498
396881 095498
253740 095724
372225 096975
458742 098525
306786 098525
943229 098525
741465 098525
039021 100678
004088 103681
045009 103681
751603 104498
723445 104498
853959 104916
987564 105772
102282 105772
240232 106812
730724 106841
691991 106841
755925 106841
069820 106841
802280 106841
388923 106841
645018 107998
525032 107998
737574 109005
279526 109005
190344 109005
132251 110400
982244 111476
877367 111591
768119 111591
262736 111591
554799 111591
654965 111591
938361 114750
215571 114750
845610 114750
905565 116785
453221 117233
038282 117233
113912 117347
885089 117347
196374 117347
176432 117365
833102 118048
129773 118048
586276 118048
220125 118048
192726 118524
452778 118570
142400 118570
396180 119087
441126 119087
236840 119087
940339 119087
903155 119396
547619 119396
298898 119732
528565 120205
255141 123642
624510 123642
785196 124971
187746 127918
436034 127918
110156 127918
475914 127918
975648 129302
438167 129442
418402 129442
686811 129442
312060 130277
226618 130277
530422 130277
407063 131999
681269 131999
687584 132718
356343 132718
392632 133044
143694 133551
290072 133551
219985 133551
954724 134046
669579 134796
415411 134796
061894 134980
320730 136117
964366 136117
438359 137684
570666 138910
114151 138910
624734 142148
068686 144844
196254 144844
535779 144844
571656 144844
169846 144844
664213 144844
972310 144844
693970 144844
442233 144866
603430 144866
782509 145464
397972 145464
688667 146059
577103 146059
901041 146615
207376 146615
351776 147771
308875 149179
171856 149613
844017 149858
083514 149858
629891 149946
382171 149946
741731 149946
750065 149946
261509 151750
780501 151750
766576 151750
362329 151946
266408 152512
931215 154418
969239 158319
378820 159613
815792 159613
126658 159643
844280 159877
955379 159877
494955 159877
119487 159877
183015 159883
476407 159883
900443 159883
276116 159892
666334 160892
064347 161424
061431 161424
775622 161424
926082 161433
382389 161433
369374 161433
752435 161433
046021 161433
421438 161616
521497 161915
561063 165540
428235 167096
999667 167096
747025 167096
418758 168656
632092 168966
261855 169535
756259 169535
392796 169535
584013 169556
548810 169556
071899 169556
013103 169556
317228 169556
175328 169556
108390 169556
383731 169841
235424 170277
980253 170277
001752 170956
925280 171409
122767 171409
845927 171409
069807 173570
331822 173570
034351 175514
292467 176087
971827 176087
481359 178488
797075 178488
145518 178783
062064 178879
234686 178879
780811 178879
683914 178879
226849 180290
078939 180741
665878 182079
059035 182079
063529 182079
021969 182079
547628 182079
305225 182079
200830 182079
344779 182202
960846 182202
161107 182202
747647 182202
476080 182202
647340 182202
616473 182202
737790 182202
626970 182202
742982 182202
034694 182202
997534 182202
498731 183807
071615 183807
965504 183807
974654 183807
357601 183807
647158 184924
601740 184924
037131 184924
905534 184924
034019 184924
207917 184924
121221 184924
686084 188537
965002 190651
716798 191342
650415 191342
926158 191375
167468 191375
574472 191375
647236 191375
298609 191375
263554 191375
637194 191375
853734 191375
011854 191375
197637 191375
349223 191375
485172 191375
973530 191375
201421 192646
329075 192779
519551 192779
073249 193149
587588 193893
319192 193893
843982 193893
903751 193893
024835 193893
753244 194050
742150 198760
904724 199670
704818 199809
054723 200586
947765 200802
769336 200802
643002 200802
039478 201528
646943 202352
424303 202352
066404 202352
950331 202352
894463 202352
131525 203729
656108 204490
631831 206949
876177 206949
786669 207105
901306 207277
696398 207562
439613 207562
632944 207636
736897 210546
197862 211214
496008 211771
625327 211771
122641 211771
848890 211771
871624 213536
271143 213536
496750 216130
730218 216130
402978 216130
354064 216390
695950 218135
026106 218221
953820 218221
931370 219106
503560 219106
515468 219106
226560 219970
019677 220704
688679 220976
399106 221296
816838 222673
468692 223730
609105 224796
971297 224796
699553 226820
700361 226820
382521 226820
052553 228528
752799 228528
318083 229282
994145 229282
728685 229282
784360 229345
205973 229478
587283 230487
670544 230487
865907 230487
948597 230487
699566 230487
587560 231637
626304 232987
360639 232987
198754 232987
958114 232987
723731 234239
740038 234853
391833 234853
422307 234853
264323 235084
845183 235084
494732 235084
384898 235084
273511 237041
837936 237041
289720 237894
391468 239595
277012 239924
502071 239924
602274 240052
635161 242624
225548 243548
867106 243633
462488 243633
310132 243633
615399 243633
854953 243633
755678 243946
297536 243986
427790 243986
630536 246600
943732 246600
219639 246600
694548 246978
548701 247146
569543 247146
743151 250630
623934 250630
901913 250630
863348 250630
240196 250630
567666 250630
648044 250630
281563 255021
384880 255021
604516 255021
005338 255052
023157 255052
748975 255118
172065 255118
158787 255781
219542 255781
685484 255781
449965 255781
427770 266132
526798 266132
645911 266132
824556 266868
334838 266868
990788 266868
416592 266868
607256 267746
168824 267746
233279 267746
526245 267746
746911 267746
410196 268235
353801 270300
254143 270300
545379 270300
621504 272141
269177 272529
419658 276351
473050 276718
665414 277091
021258 278788
078352 278788
455902 279690
638330 279690
026433 280095
249561 280095
055444 280095
445289 280095
080894 280693
929273 280693
690834 280693
995668 280693
617683 280962
058771 284177
319518 284594
729365 284594
081412 284594
008877 284781
954620 284781
505497 284781
318629 284781
230556 287348
244138 287348
264722 287348
277841 287692
509252 287692
835318 289271
093274 289592
162480 291262
431538 291262
262516 291262
405348 291963
592913 292012
821740 292012
671710 292402
692089 292402
879803 296372
367194 296723
193634 297015
992630 299181
479246 299311
408206 299311
042195 299311
916001 299311
892843 299311
143821 299311
077791 299311
812626 304488
787069 304671
870891 304671
833528 305503
700140 305703
838369 305703
821305 305703
247034 305703
831773 306022
990309 306022
185854 306022
173646 306022
715996 308410
174028 308410
604748 310754
699858 310754
460845 310754
101006 311627
578553 311627
480988 313615
333768 314501
736773 314501
614186 317848
818283 317848
539846 317848
110444 317848
231663 317848
974322 317848
683854 317848
943870 318368
333352 319646
686617 319646
649887 319949
331158 319949
802704 319949
555448 319949
418480 319949
453795 320950
239444 320950
152248 321633
708180 321633
815751 321662
681433 321662
750950 321944
761276 323536
368886 323536
377399 325176
922734 325176
620081 325893
777064 328972
868486 328972
483530 329787
360785 329787
929834 329799
267491 330086
900614 330086
244826 330086
209836 330897
802775 331178
019985 331178
327988 331178
549992 331178
124262 331989
480878 331989
330821 334151
410303 334151
753693 334151
496823 336028
762482 337113
893903 337113
965188 337113
573394 337113
713310 337701
278999 339926
064844 339926
973415 342899
566635 342899
636301 342899
343168 342899
385741 344133
279679 344133
698440 344133
371725 344133
243123 344133
743520 344142
759451 344142
949873 344285
905586 345175
723105 345700
692109 345961
702673 346629
068265 347796
155217 347944
429683 347944
176839 347944
557999 348570
176715 348692
267004 348895
882640 348895
579296 348895
356352 348895
030110 350133
081959 350133
970163 350133
638488 350133
790537 350133
582884 350185
031452 350185
439716 352177
415225 352177
283897 353411
595565 353411
763282 353411
856097 356389
989962 356389
048741 356389
941308 356389
684561 356456
592824 356456
825977 356515
877951 356515
278774 357414
953281 357414
714856 357414
482030 357414
715143 357672
509888 357672
163512 357672
457961 357672
100692 359607
324456 359607
752978 359607
761081 359607
463852 361149
198907 363822
663495 363855
113740 363855
715886 363855
343911 365697
419529 365697
744330 365697
692006 365697
318788 368705
615059 368705
209608 370256
276680 370256
318532 370256
567387 371185
747161 372957
462618 375076
122502 375076
875811 375076
171525 375223
319982 376546
284166 376846
776306 376846
070469 377944
892097 377944
163422 378822
286161 378822
519280 378822
055353 378822
415347 379668
046893 379668
087334 379668
849399 380034
458757 380560
137022 380560
192373 380560
887891 381347
603174 381521
228914 381667
850501 381667
400532 382304
804724 383834
703387 383834
943456 383834
891264 383834
873733 383834
941687 384860
470579 384860
677091 385030
896601 387209
927156 387209
859632 387209
351791 387406
246946 387406
938737 387406
708322 387997
729733 387997
562855 387997
997948 388328
353880 390272
916422 390272
063022 390536
499514 390536
820308 390536
577908 390536
528892 390536
151377 393569
765358 393622
237312 396088
271918 396134
865996 396134
287664 396134
654415 397023
437300 398634
977702 398634
591341 399755
350988 399755
883768 399755
006979 399755
104530 399755
242638 399755
168921 399755
600314 399755
205483 399755
440587 399755
351718 399755
722959 399755
424833 401085
798975 403054
883882 404029
655308 404892
039398 405109
229117 405109
747527 405109
897016 405200
101681 405410
481915 405637
059098 410091
209977 410091
906454 410190
434138 410190
376828 410190
874559 410190
599624 410254
948614 410254
838469 410254
709985 410254
297474 410254
648369 410254
135343 410254
538436 410498
397589 410506
405718 410506
118005 411832
402175 411832
346916 412232
644845 412728
042867 412851
143450 413518
232324 413686
613062 414080
261156 414080
789514 415077
116594 416414
507820 418063
076461 418063
763565 418919
893868 418919
117897 418919
593947 419250
975081 419250
751720 419250
057242 419650
856360 419650
282908 422229
607342 423927
321018 423927
541115 423927
762191 424605
890785 424605
829135 425257
384497 425257
606935 426205
819784 426262
218722 427571
225574 430940
954039 430940
595669 430972
927326 431463
223430 431463
190300 431463
770345 432680
347703 433384
687491 433384
415722 433708
249107 433708
375740 434978
491084 434978
451483 434978
963566 434978
567103 434978
394866 435348
783799 435348
565667 435348
007748 435348
734134 435651
121964 436812
709559 436812
646449 437436
030488 437436
273063 437436
933307 437436
109751 437436
920636 437436
592132 437436
673316 437995
964554 439382
914909 439728
652185 440312
448975 440312
944048 440312
331957 443559
788687 444197
730305 444702
898714 444702
192774 444702
554850 444702
606129 444702
488290 444702
989737 444702
876360 444702
720670 447842
027992 448532
523734 448532
259991 450381
395777 450381
158439 451033
437013 451271
218466 451648
274090 452041
188747 452041
851558 452041
682606 452346
922853 453001
026542 453240
491445 453354
399091 453354
513632 453354
010602 453354
755246 453354
356618 453354
458721 453489
734662 453489
449548 454780
296166 454780
316063 454780
463121 454780
476605 454780
062401 454863
048266 454863
202610 455516
064265 455516
581144 457474
941483 458460
822993 458460
658395 459081
915808 459081
916388 459113
884759 459402
825551 459402
613435 459402
078844 459893
313622 459893
882451 461018
575530 461018
958286 461555
667539 461555
888571 461679
228301 461679
975760 461685
097139 464355
899580 464355
645657 464355
831070 465182
099973 465182
825165 465182
846152 466352
362920 466352
299827 466352
196212 466352
729355 466352
805519 466352
918296 466602
507208 467701
794330 468787
342463 468787
410870 469474
678310 469474
514489 469474
396080 470604
748422 471680
317831 476007
060820 477067
267084 481314
141671 481314
422534 481969
698320 482478
866386 483263
780976 483741
019956 484536
790642 484536
595110 485824
603622 485824
252558 485824
730616 486262
536379 487951
886014 488709
778012 488709
482084 488943
488757 488943
655179 488943
407649 488943
983650 489138
963950 489138
433090 489138
809139 489422
345887 490506
522227 490506
656445 490695
205919 490695
507978 492945
843666 493671
019564 493936
914385 494566
131927 494906
871852 494906
979780 494907
298945 500583
838759 500722
061724 500958
516122 502380
759772 503357
719337 503357
992172 503398
145888 503992
012247 507164
928165 508597
427559 508597
401780 508597
350918 509664
266533 509664
763968 512775
910721 512775
997060 512775
278739 512775
228800 513933
616350 514870
200412 514870
098508 514870
856231 515902
873373 515961
332588 519506
648804 520440
191876 520440
714204 520440
071385 522090
897033 522109
370363 522109
582248 522109
689978 522479
351312 522479
334685 523432
236843 523432
190408 523432
575709 528612
753528 528877
408847 528877
515369 528877
062171 528877
767349 528877
016874 528892
847505 532981
848885 534019
535366 534019
550987 534019
092906 534019
647946 534019
979550 534548
860315 534548
508888 534874
523915 535136
800496 537528
058891 537528
303365 537754
106700 537754
905209 537754
379125 538740
378701 539402
104779 540929
123354 540929
357249 540929
144436 540929
113714 540929
434333 540929
060172 544678
899210 545197
263665 545197
051125 545197
329079 545197
607660 545197
406780 545197
036864 545399
347370 545399
250814 545399
394286 545419
224693 545419
072692 545614
859307 545614
679456 545815
192664 545815
739353 545815
497572 545815
670888 546061
263744 546061
756670 546061
420417 546061
636531 549188
909978 549487
679366 549487
452347 549487
851338 550204
078233 551307
765251 551307
152710 551699
350768 551699
012620 553261
293508 554345
561385 554345
539465 554640
249491 554640
351986 555960
030809 555960
084543 557138
956754 557285
168628 558397
565649 560418
646677 560418
203276 560981
464180 560981
244541 560981
747070 562430
662022 564324
402751 564373
673039 564418
196598 564418
584334 564418
702206 565997
146316 565997
708858 566467
237342 567930
034695 567930
733014 567930
081772 568422
652273 568422
288487 569321
487273 569645
935966 569709
394184 569709
975953 569709
030045 569709
751019 569920
928955 570276
499961 570608
128640 571549
031662 574407
622025 575522
335624 575522
917502 575522
603991 576016
972339 576016
330713 576016
121135 576016
162039 576016
738357 576016
950288 576016
325998 576423
336350 576423
198452 576729
688435 576729
239495 576729
980063 578805
045756 578822
804208 578822
201179 580400
395867 580400
287453 580647
505682 581126
682198 581153
987569 581153
325150 581255
502566 582541
609627 582541
851446 582541
894718 582541
760530 583904
736778 584142
414902 584554
681441 585377
239501 585700
960010 585700
679144 585700
357458 586910
594353 587313
634256 587555
778902 589145
422314 589484
212594 589484
193776 592207
991004 592207
718496 593359
851349 593748
565543 593748
278064 593748
981538 594532
502190 594532
411243 594645
453088 594645
897139 594645
320697 594645
665180 595346
543668 595533
363782 595641
748374 596786
327336 596896
206123 597099
525281 598739
676374 598739
253646 599808
358848 599808
094379 600168
073955 600168
719925 600299
472399 602708
243748 602708
845248 602708
985237 602708
578718 604552
049971 606302
239149 606302
323822 606494
996688 607967
476997 609057
334635 609057
497202 609057
887303 610231
706453 612595
203620 612595
593098 613377
333689 613526
534115 613526
308582 613526
713108 613736
147947 613736
644041 613775
922097 613775
533479 617651
690460 617807
559827 617807
798966 620437
762703 621161
845980 621161
051716 625035
156403 625920
436233 625920
366142 625920
451128 625920
772816 628507
073701 630553
122002 632456
232654 635626
072206 635626
487413 635767
132256 635767
247293 635767
328216 635989
522808 635989
901939 635989
734386 637261
243602 637618
869803 638631
069135 643533
303042 643533
986766 643785
464094 644631
377026 644631
138412 644631
599429 644788
834456 644788
782625 644788
142336 645093
684352 645093
987684 645093
648008 645594
049355 646030
956941 646030
749419 646085
594489 646085
173311 646558
789633 646558
357286 646558
040349 647333
711071 647333
550130 649085
369493 649085
742203 649085
105128 649321
081389 649321
284039 650025
401369 651163
223859 651163
128492 651346
222731 652093
972304 652093
297361 654777
812403 654777
414889 654777
917640 655043
051718 655043
534176 655780
250529 655780
609983 656024
299126 656024
081388 656554
525977 656554
552629 657639
603379 657639
317049 657639
270284 660508
246508 660508
540829 660508
872549 660508
193603 661569
664382 667289
552217 669198
774010 669895
477942 670810
044007 672783
462911 673250
619579 673250
073145 674041
375348 676112
815239 676112
907738 676112
426460 676112
363139 676112
758106 676886
413721 676886
174648 678532
030648 678556
966590 678556
338668 678556
568603 678556
845652 678654
717675 681160
786544 681376
722761 681448
135101 681448
875022 683519
153175 684140
138483 684140
683181 684748
932231 684748
864442 684917
874208 684917
258040 684917
231280 684917
021428 684917
697673 684917
263727 687642
919081 687642
502303 688629
100208 689875
001235 692489
461924 692489
478706 694219
894981 695491
666688 695491
195136 695491
627727 695585
716754 695585
589119 695585
432039 695733
530531 695745
182690 697219
167302 697219
974554 697606
422365 697606
393371 697606
959657 697606
944334 698575
893101 698607
911264 699248
936652 699248
427454 699248
604069 699248
578908 699643
061424 699643
011508 699643
758214 699930
884132 699930
177578 699930
497158 699992
082536 699992
540495 700175
472853 700175
350128 700175
016443 701081
819386 701085
825919 701132
400593 701445
628555 701445
659512 702843
607750 703811
069329 703811
260198 703811
615061 704347
798795 704347
718222 705031
612524 705031
074320 705031
886445 705031
405883 705031
768739 705432
543541 707862
499821 708112
350784 708112
997607 708112
001075 712325
135997 712325
291542 712325
384559 713351
209768 713599
319537 714360
369610 714459
152699 715729
279900 716356
109771 716356
815561 716356
821691 716843
947104 717066
579976 718067
508364 718383
300130 719755
015730 719755
059131 720794
889671 720930
650920 720930
598002 720930
634861 721720
540654 721720
724852 722056
657857 725320
040071 725320
405162 725946
247612 726569
708242 726569
905664 727933
905132 728404
178347 728870
631160 728870
820846 729719
266379 729719
799561 729719
333494 730061
838328 730061
154126 730061
864863 730283
989354 730850
784096 730850
194070 731144
693848 731144
108206 731144
953945 735056
308369 735519
603060 735519
239929 735519
351063 735519
406440 735519
943575 735519
021248 735969
532407 735969
415301 736618
789867 736618
351976 736618
004457 736618
911053 738892
163623 738892
639238 738892
907277 738892
223568 742400
347069 742585
078921 742585
302238 743514
367285 743633
701223 744201
791504 745874
114353 745874
500147 745874
081773 745874
512394 745874
986521 747363
308331 749252
864028 750221
662042 750221
992735 750577
464636 750774
989141 751856
560052 751856
194131 751856
026346 752003
484397 752003
697714 752400
136005 752400
091351 752400
112899 752558
151829 752558
486316 752558
506002 752558
896955 752558
668267 752558
353148 752765
370349 753504
436459 754819
237128 754819
249260 754819
980301 757186
904734 757757
604878 757757
745919 757757
486631 757757
081898 757782
690816 757782
446228 757987
526441 757987
217794 757987
174720 757987
533730 758082
764356 758232
342311 758232
061134 758601
472398 759686
032944 760115
688090 760115
174916 760115
970428 760593
741729 760593
714603 761165
058762 761887
539551 763847
917581 765218
416569 765227
657173 766444
479996 766576
424853 766800
279835 766800
521337 766802
674428 767741
560769 769162
975272 770750
428641 770939
429837 770939
316750 770939
676439 772549
064978 772549
245348 773156
734776 775208
024441 775208
358678 775208
509484 775566
219200 776672
386581 776672
415632 778167
506352 778311
325368 778311
651103 778448
797742 779082
009483 779794
585561 779794
878543 779794
364325 780400
669247 780400
678097 780400
745903 781955
509593 783520
792875 785801
339691 785801
637314 787760
000743 787760
492687 787760
130049 788073
588707 788599
609190 788599
063229 788599
737756 789617
380543 789617
683999 789936
003619 789936
847430 790189
184440 792343
028432 792343
482911 792915
631690 792915
918841 795727
407110 795727
714658 795727
958744 795966
671796 795966
754981 796209
828661 796209
788737 796209
445977 796209
638298 796209
889854 797012
550737 797097
134357 798102
160449 798885
802681 799325
296405 799325
650275 800530
936347 803611
510867 803853
979145 804430
436666 804430
423141 804437
295849 804437
772307 804437
389744 804682
608623 804682
351103 805024
742090 805102
658020 805102
693076 805102
288091 805408
280881 805920
682529 806868
703689 807509
275548 807509
743723 808471
353922 811262
610959 811394
123994 811394
076634 811394
078540 811394
186065 813976
052473 813976
922804 813976
875308 813976
517087 813976
052686 813976
616108 813976
068458 813976
635253 813976
437444 814702
281013 814702
337072 816512
743986 816512
124471 816534
172011 816534
405558 816586
354763 816586
689162 817079
817603 817079
215930 817079
533457 817583
794736 817583
706664 817583
673030 817583
215181 817583
564048 818059
862683 819750
444194 821924
185226 821924
238026 822408
221726 822823
537266 824857
668510 825101
582216 825950
359926 825950
449746 825950
715847 829894
224378 830298
411750 830298
484886 830298
191301 830298
038197 830298
475719 830298
432220 830693
889072 830693
978162 831310
010800 831793
524125 833766
853365 835321
768332 836116
999011 836116
714919 836116
377644 836116
721421 836116
332115 836116
036213 836116
931955 836398
729748 836398
156194 836398
173120 836398
115335 837023
852468 837291
350818 838792
958228 838792
478323 839374
190813 839374
841299 839400
413777 839400
900682 839400
177472 839400
837885 839594
785803 840384
472753 840384
776891 840384
970307 841300
323810 841672
885332 841754
676329 842291
414308 842776
389010 842776
939439 842807
138963 842807
303902 842807
686244 842807
284136 842807
551314 842807
479917 842807
308857 843325
067279 843325
100395 843325
086417 843325
936908 845977
289699 845977
625979 845977
756316 847062
504186 851196
137721 853278
688857 853671
021827 855333
743468 855333
025335 856006
706973 856006
393612 856006
615265 856006
899473 856006
524669 856006
350914 857225
955227 857225
630140 857425
423328 857425
641664 857425
971531 857425
985873 858900
764697 859493
990109 860889
616200 860889
556638 867487
823463 867487
984475 867487
601287 867487
944971 867860
336353 867916
570684 869720
926763 869909
892842 870669
748998 873167
192913 873167
437243 874368
148444 874608
144361 874608
091373 874922
750321 874922
085827 875246
870387 875582
619555 875582
277703 876323
737868 876323
632505 879852
134953 879852
627486 879852
473439 879852
788247 879852
701278 879852
112512 881341
330812 881343
195030 881343
116567 882553
839031 883432
326052 887713
028169 890294
082306 890294
115799 891915
408159 893346
744970 894055
960717 894055
827767 894055
640655 894055
002494 894311
207979 894539
875712 894539
489596 894832
522541 896486
395369 896486
760627 896486
364852 896780
866510 896780
738319 897417
760753 898799
279176 898799
222185 899204
164039 899204
159555 899204
006394 899427
186595 899427
045392 899947
052045 899947
481955 901029
202778 901422
794751 901422
272100 901629
884579 901629
299198 901629
236854 901648
340010 902994
756898 904473
753436 904473
633852 904554
413402 904554
639161 905024
443030 905024
124988 905464
038671 906296
859244 906296
084576 906296
743332 907934
473831 909072
226446 909072
459672 909072
885247 909072
374948 909411
978556 911190
221810 911190
222898 911384
091156 911384
605844 911384
721771 911384
709380 911384
590066 911384
000007 911929
024310 911929
971773 911929
109811 912173
019759 912173
589036 912734
541353 913129
364331 913732
098157 913732
197314 914409
752833 915562
693716 915562
893476 915562
374837 915562
858681 915562
294089 915562
105367 915694
435602 915694
873322 916031
043358 916031
343754 916031
930760 917543
127842 921202
928719 921635
159924 922505
475036 922505
776518 922826
091442 922826
559369 924332
823078 924332
290966 925818
113333 926932
533650 926932
693224 927210
841728 930007
618442 930531
598617 930531
771639 930845
347964 930914
962172 930914
807113 933162
672869 933758
327331 933758
204389 933758
726512 936093
583464 936353
377671 936464
007239 936879
626138 937913
031777 938099
779000 938644
652844 940875
757071 940951
929482 941939
855629 943152
299853 943152
854217 943286
444547 943627
990561 944635
865500 945213
598093 946167
304422 946957
891620 947169
207655 948939
008925 949382
115632 949382
527519 949382
874829 950045
659205 951431
595691 951431
577405 951431
609585 951872
712149 952520
465042 952520
076615 955192
313795 955192
787573 956318
281242 956318
315907 956318
018972 956453
743792 957594
390593 961287
103802 963180
846791 964414
871993 964414
353315 964414
854371 964784
439632 965457
019103 965457
542609 965457
390354 965457
154864 965457
261289 966881
755275 969493
827159 970658
875154 971754
295577 973782
478902 973782
811763 979820
951181 979820
733163 982475
467347 982475
116568 982475
368380 983845
336849 983845
418956 983845
760950 983845
107425 986731
237364 986787
052880 986787
092774 986991
831684 986991
320296 987429
354984 987429
669533 991805
919691 992563
533812 993029
877032 993029
807583 993369
065688 994609
237741 994696
238724 994696
562135 994696
358030 994955
856341 994955
023289 994955
973934 997228
746814 998838
975073 998838
770006 998838
l 5
22588 00474
57784 00474
28373 00474
32542 00474
73128 02314
05615 02314
40417 02801
28405 02801
30661 02801
38981 02801
45838 02801
99679 02801
41984 03536
34269 03536
56960 04745
14335 04853
41725 08599
98529 09293
89715 09334
75233 09334
73069 10112
29667 10112
64892 10112
84020 11107
13798 11375
54786 11375
18838 11404
50385 11739
16287 11739
54778 11739
51519 11739
93474 12215
31227 12215
37581 12879
33194 13061
59186 13061
97510 15334
68938 18134
46068 18134
11852 18134
32482 18874
65192 19274
62020 28539
23644 28539
91040 29273
57100 29715
91033 30903
99853 30903
48398 30903
10566 30903
04417 30903
47454 30903
57984 30903
24037 31879
27755 31879
08953 32078
74968 32078
74085 32261
47237 33988
30120 34370
31273 36490
49826 38002
14954 38002
48026 38002
17205 38002
40835 38002
67286 39845
98058 39845
52669 40257
57247 40513
15715 43187
60533 43424
15409 43424
24031 43424
69989 43424
33685 43424
08872 43424
24492 43424
69597 43424
25551 43881
20823 43881
14696 44019
70777 46335
81010 46335
84384 46335
26604 46809
77474 48356
22096 50297
60775 51752
31283 52424
49896 52424
63978 52424
55098 53687
62536 53687
22404 53687
70167 55587
65453 55587
74937 55587
11581 55587
78072 55942
83815 55942
11919 58503
43805 58503
42957 58503
18795 58503
95800 59350
82106 59350
89702 59558
06822 59558
19977 59558
40551 59570
81427 59570
76026 59570
52905 59695
30526 59695
38955 60564
34779 60564
37714 60564
40860 60580
32430 60580
95458 60580
60308 61309
53741 61309
98726 61309
36896 61309
77581 64280
53216 64280
04628 66578
25939 66578
75594 67984
66258 67984
14846 67984
24466 69340
73558 74584
14828 74584
33612 74843
68001 74843
90060 74843
91850 75031
92331 75031
45574 75031
42018 75213
46032 75213
45086 75693
97807 75693
18911 75693
52642 75733
97226 75733
25003 75733
44409 76781
34827 77204
18064 77204
51855 77204
67234 77775
10941 77775
26307 77775
63893 77775
54600 77775
59473 77886
10217 77886
27570 77886
37274 77886
20028 77886
68489 77886
70905 80182
87933 80437
49767 80644
76200 80644
25277 80779
49617 81628
95629 84232
11442 84983
20687 87435
78082 87435
51490 87435
34139 89063
15672 89063
69630 89063
22937 89093
30816 89413
60810 89775
14032 89775
75871 89775
54672 89775
32144 89775
86196 89775
59296 90539
33177 90539
40967 91721
41735 91721
52183 93508
86034 96191
84330 96191
41449 96191
25324 97687
58323 98356
81927 98356
63242 98617
12818 98617
24056 98617
l 4
5629 0103
4574 0103
2737 0103
9200 0150
6611 0150
1559 0414
8200 0578
0365 0578
1984 0578
8418 0622
8232 0657
9151 0774
4102 0774
9398 0774
8550 0898
5175 0898
6651 0898
0603 0898
5396 1026
9252 1038
4129 1038
1121 1038
8633 1038
2486 1038
2062 1038
1764 1058
0975 1095
9355 1095
9045 1272
8090 1332
7123 1502
8917 1575
6959 1575
7622 1575
8225 1859
7534 1872
6787 1965
1209 1965
1762 1965
2526 1965
8628 2445
5900 2451
4307 2538
9641 2538
0798 2589
2931 2729
7885 2789
1164 2855
1013 2855
6860 2855
1372 2855
6055 2906
1942 2913
8801 2913
8590 2913
0454 2967
5391 3010
1829 3010
1825 3010
3107 3014
3013 3014
8171 3084
8660 3084
7372 3459
9928 3558
1099 3666
9752 3688
0140 3688
4120 3688
6037 3830
8819 3830
5405 3830
4521 3830
6986 3900
6480 3900
3500 3948
1688 4070
3306 4070
9613 4090
7567 4323
6685 4323
7775 4323
9587 4385
6683 4385
9353 4385
3272 4467
3102 4467
6056 4467
4224 4513
8820 4513
9565 4513
6636 4513
4764 4513
4701 4648
7320 4648
1754 4952
9871 5130
8607 5130
1941 5206
2091 5358
9858 5358
6058 5397
5493 5421
2292 5421
7064 5421
7728 5442
0268 5442
3672 5475
8687 5599
3838 5721
4474 5721
4215 5721
8372 5804
7089 5804
6764 5804
5660 5804
9814 5804
1725 5804
8855 5881
0284 5881
8186 5881
7281 5881
3413 5881
9376 5881
9542 5997
9030 5997
9171 5997
0910 6009
2139 6193
5117 6193
3492 6377
0779 6377
8364 6377
0639 6377
4707 6445
4431 6445
0190 6491
0163 6607
7973 6607
1849 6675
7722 6675
7619 6692
3401 6692
8919 6692
1576 6715
8377 6750
0355 6765
7672 6894
0279 6894
4066 6894
6291 6894
8971 6985
2002 7033
9829 7033
5721 7642
7443 7642
0289 7751
8182 7751
6085 7751
9425 7751
7199 7808
6510 7808
9098 7838
4869 8090
1025 8090
9250 8130
0785 8130
9417 8147
8918 8174
9635 8389
6705 8420
8071 8420
7413 8420
5661 8549
3592 8607
8535 8723
9973 8725
8671 8750
1822 8800
4115 8800
3712 8821
3807 8832
9957 8832
5724 8832
0475 8955
2237 8987
8480 9004
1945 9004
3741 9016
2843 9016
8938 9393
1411 9565
5987 9713
5108 9713
9049 9880
0028 9880
6434 9880
7296 9880
9516 9962
1701 9962
l 3
480 132
274 132
883 132
549 176
288 231
445 231
608 309
503 370
777 479
156 479
026 578
813 598
485 647
533 647
546 754
355 754
316 833
850 875
343 898
935 898
l 2
15 18
05 18
82 18
77 22
91 22
31 32
55 37
02 49
07 58
67 63
69 73
23 78
93 78
18 78
17 78
64 78
09 78
53 78
00 78
47 99
